2010110427
2012111382
2012112304
2013111622
2013112047
2013112106
2015110871
2015112288
2015112490
2015112592
2016112096
2016112098
2016112100
2016112102
2016112103
2016112104
2016112105
2016112106
2016112107
2016112112
2016112113
2016112115
2016112117
2016112119
2016112124
2016112129
2016112132
2016112135
2016112136
2016112138
2016112143
2016112144
2016112147
2016112149
2016112150
2016112153
2016112157
2016112158
2016112159
2016112160
2016112161
2016112162
2016112164
2016112165
2016112166
2016112168
2016112170
2016112173
2016112175
2016112179
2016112180